0 0.05078125 0.03828125074505806 0.0390625 0.01406250149011612
0 0.02421874925494194 0.078125 0.04843749850988388 0.03125
0 0.11250000447034836 0.05703124776482582 0.07500000298023224 0.03281249850988388
0 0.13828125596046448 0.0062500000931322575 0.04531250149011612 0.012500000186264515
0 0.09843750298023224 0.02421874925494194 0.03750000149011612 0.01406249962747097
0 0.07109375298023224 0.0062500000931322575 0.04843749850988388 0.012500000186264515
0 0.02968750149011612 0.0023437500931322575 0.03125 0.004687500186264515
0 0.01015624962747097 0.010156250558793545 0.02031249925494194 0.014062500558793545
0 0.48046875 0.39921873807907104 0.12968751788139343 0.09218749403953552
0 0.75390625 0.21328124403953552 0.0390625 0.02656249701976776
0 0.5296875238418579 0.817187488079071 0.056250035762786865 0.046875