0 0.66796875 0.6117187738418579 0.2640625238418579 0.1953125
0 0.32499998807907104 0.8523437976837158 0.4375 0.27656251192092896
0 0.8015625476837158 0.9367187023162842 0.33125001192092896 0.12031251192092896
0 0.918749988079071 0.7453124523162842 0.15625 0.13749998807907104
0 0.3414062261581421 0.4546874761581421 0.3890624940395355 0.16249999403953552
0 0.686718761920929 0.38359373807907104 0.1546875238418579 0.06718751788139343
0 0.8765624761581421 0.4359375238418579 0.140625 0.09999999403953552
0 0.9718749523162842 0.5132812261581421 0.050000011920928955 0.06093749403953552
0 0.6265624761581421 0.18281249701976776 0.15312498807907104 0.05312499403953552
0 0.48125001788139343 0.27812498807907104 0.19062501192092896 0.062499985098838806
0 0.40156251192092896 0.21796876192092896 0.08437499403953552 0.03593750298023224
0 0.21718749403953552 0.22890624403953552 0.19375000894069672 0.0703125
0 0.6937500238418579 0.125 0.09999996423721313 0.03749999403953552
0 0.586718738079071 0.10625000298023224 0.1328125 0.04062500596046448
0 0.34062498807907104 0.15703125298023224 0.24687501788139343 0.06718749552965164
0 0.75 0.06796874850988388 0.1812499761581421 0.0703125
0 0.5679687261581421 0.34375 0.13593751192092896 0.05312502384185791
0 0.688281238079071 0.28203123807907104 0.06406247615814209 0.03593751788139343
0 0.04140625149011612 0.710156261920929 0.08281250298023224 0.10781252384185791