0 0.510937511920929 0.28984373807907104 0.08437502384185791 0.07968750596046448
0 0.586718738079071 0.21328124403953552 0.04843747615814209 0.0546875
0 0.5773437023162842 0.4203125238418579 0.07343751192092896 0.09999999403953552
0 0.47187501192092896 0.559374988079071 0.10000002384185791 0.05312502384185791
0 0.49531251192092896 0.514843761920929 0.07187500596046448 0.02968752384185791
0 0.7367187738418579 0.6203124523162842 0.0546875 0.11250001192092896
0 0.774218738079071 0.78125 0.0859375 0.1499999761581421
0 0.6976562738418579 0.41796875 0.045312464237213135 0.0703125
0 0.6648437976837158 0.2867187559604645 0.057812511920928955 0.07968749105930328
0 0.47343748807907104 0.37890625 0.04062500596046448 0.02968752384185791
0 0.46406251192092896 0.41328126192092896 0.04062500596046448 0.020312517881393433
0 0.4898437261581421 0.34453123807907104 0.029687494039535522 0.0234375
0 0.5242187976837158 0.16484375298023224 0.035937488079071045 0.0234375