0 0.7328125238418579 0.608593761920929 0.20625001192092896 0.1171875
0 0.504687488079071 0.7054687738418579 0.1625000238418579 0.1171875
0 0.6382812261581421 0.871874988079071 0.13906246423721313 0.15625
0 0.2640624940395355 0.9664062261581421 0.11250001192092896 0.060937464237213135
0 0.8226562738418579 0.5015624761581421 0.07968753576278687 0.056250035762786865
0 0.9125000238418579 0.4749999940395355 0.08750003576278687 0.050000011920928955
0 0.637499988079071 0.4468749761581421 0.1312500238418579 0.05312499403953552
0 0.7484375238418579 0.4453125 0.078125 0.03750002384185791
0 0.7625000476837158 0.40156251192092896 0.043749988079071045 0.03125
0 0.24296876788139343 0.503125011920929 0.08906251192092896 0.03437498211860657
0 0.035937488079071045 0.530468761920929 0.06875002384185791 0.07343748211860657