0 0.528124988079071 0.922656238079071 0.21875 0.1171875
0 0.735156238079071 0.8421875238418579 0.1328125 0.09062498807907104
0 0.5765625238418579 0.776562511920929 0.21562498807907104 0.05624997615814209
0 0.4625000059604645 0.6976562738418579 0.11250001192092896 0.048437535762786865
0 0.6187499761581421 0.5882812738418579 0.08750003576278687 0.032812535762786865
0 0.9398437738418579 0.8265625238418579 0.12031251192092896 0.203125
0 0.7406250238418579 0.5023437738418579 0.08125001192092896 0.04843750596046448
0 0.512499988079071 0.48124998807907104 0.07187497615814209 0.03749999403953552
0 0.2593749761581421 0.7593749761581421 0.0625 0.043749988079071045
0 0.2749999761581421 0.660937488079071 0.0625 0.03750002384185791
0 0.32499998807907104 0.61328125 0.078125 0.04531252384185791
0 0.11249998211860657 0.9328124523162842 0.22187501192092896 0.12812501192092896