0 0.586718738079071 0.47968751192092896 0.3921874761581421 0.3062500059604645
0 0.84765625 0.8070312738418579 0.3046875 0.21406251192092896
0 0.171875 0.514843761920929 0.25 0.12343752384185791
0 0.1703125238418579 0.633593738079071 0.25 0.1328125
0 0.20625001192092896 0.8093750476837158 0.21875 0.25312501192092896
0 0.3062500059604645 0.37890625 0.26249998807907104 0.12343752384185791
0 0.33515626192092896 0.2750000059604645 0.1546875238418579 0.056249991059303284
0 0.62109375 0.16484375298023224 0.1734374761581421 0.0703125
0 0.42499998211860657 0.19453124701976776 0.17500001192092896 0.07656249403953552
0 0.26093748211860657 0.15859374403953552 0.13749998807907104 0.08906249701976776
0 0.34296873211860657 0.09531249850988388 0.10468751192092896 0.04999999701976776
0 0.4507812261581421 0.0703125 0.1171875 0.04062500223517418
0 0.561718761920929 0.09531249850988388 0.1171875 0.04375000298023224
0 0.7398437261581421 0.11328125 0.0859375 0.03281250596046448
0 0.7093750238418579 0.06328125298023224 0.0625 0.020312495529651642
0 0.6882812976837158 0.0234375 0.057812511920928955 0.01874999888241291
0 0.6203124523162842 0.03984375298023224 0.059374988079071045 0.02656250074505806