0 0.3453125059604645 0.543749988079071 0.10624998807907104 0.09375
0 0.36640626192092896 0.4429687559604645 0.07656249403953552 0.06718748807907104
0 0.4765625 0.4906249940395355 0.06875002384185791 0.053124964237213135
0 0.58203125 0.5132812261581421 0.0703125 0.05468747019767761
0 0.5882812738418579 0.38203126192092896 0.06718748807907104 0.06406250596046448
0 0.7164062261581421 0.38984376192092896 0.06406253576278687 0.07343748211860657
0 0.48124998807907104 0.671875 0.15625 0.14374995231628418
0 0.515625 0.84375 0.10625001788139343 0.140625
0 0.901562511920929 0.125 0.1625000238418579 0.09687500447034836
0 0.5078125 0.1953125 0.109375 0.05625000596046448
0 0.34843748807907104 0.28515625 0.06874999403953552 0.042187511920928955
0 0.26875001192092896 0.21328124403953552 0.06562498211860657 0.0546875
0 0.21406249701976776 0.2671874761581421 0.05625000596046448 0.05312499403953552
0 0.1328125 0.30156248807907104 0.09687500447034836 0.0625
0 0.23359374701976776 0.38359373807907104 0.09531250596046448 0.07968750596046448
0 0.34453123807907104 0.33125001192092896 0.0546875 0.04375001788139343
0 0.7492187023162842 0.24531251192092896 0.057812511920928955 0.04375000298023224