0 0.563281238079071 0.80859375 0.2203124761581421 0.18281245231628418
0 0.5609375238418579 0.5 0.18125000596046448 0.09375
0 0.6398437023162842 0.40156251192092896 0.14531248807907104 0.0625
0 0.6507812738418579 0.3296874761581421 0.1015625 0.04062500596046448
0 0.5414062738418579 0.37187498807907104 0.12656250596046448 0.05625000596046448
0 0.3960937559604645 0.42500001192092896 0.09843748807907104 0.04375001788139343
0 0.39375001192092896 0.3851562440395355 0.08124998211860657 0.035937488079071045
0 0.4671875238418579 0.33203125 0.05312499403953552 0.0234375
0 0.5874999761581421 0.30000001192092896 0.07499998807907104 0.028125017881393433
0 0.5531250238418579 0.27734375 0.078125 0.026562511920928955
0 0.10625000298023224 0.7546875476837158 0.10000000149011612 0.09062498807907104
0 0.606249988079071 0.23828125 0.05312502384185791 0.0234375
0 0.3515625 0.34687501192092896 0.078125 0.03437498211860657