0 0.9429687261581421 0.4554687440395355 0.11093753576278687 0.0703125
0 0.6328125 0.43828123807907104 0.04999995231628418 0.04218748211860657
0 0.42500001192092896 0.24687500298023224 0.08437502384185791 0.05937501788139343
0 0.33203125 0.3101562261581421 0.08906245231628418 0.03281250596046448
0 0.3734374940395355 0.36796873807907104 0.053124964237213135 0.029687494039535522
0 0.47187498211860657 0.3031249940395355 0.050000011920928955 0.034375011920928955
0 0.504687488079071 0.5695312023162842 0.08749997615814209 0.06718748807907104
0 0.59375 0.6585937738418579 0.15937495231628418 0.11093753576278687
0 0.3773437440395355 0.530468761920929 0.045312464237213135 0.03281247615814209
0 0.3218750059604645 0.6617187261581421 0.19999998807907104 0.08906251192092896
0 0.30078125 0.8500000238418579 0.17656254768371582 0.1875
0 0.25 0.5406249761581421 0.12187504768371582 0.09999999403953552