0 0.6203124523162842 0.8218749761581421 0.13749998807907104 0.09687501192092896
0 0.5148437023162842 0.754687488079071 0.08281248807907104 0.05624997615814209
0 0.7421875 0.610156238079071 0.1343749761581421 0.07968747615814209
0 0.565625011920929 0.590624988079071 0.06875002384185791 0.046875
0 0.43828123807907104 0.5968749523162842 0.07968747615814209 0.034375011920928955
0 0.30859375 0.58984375 0.04843747615814209 0.03281247615814209
0 0.43046873807907104 0.5726562738418579 0.1171875 0.026562511920928955
0 0.571093738079071 0.4937499761581421 0.0859375 0.04687497019767761
0 0.8109375238418579 0.4789062440395355 0.034375011920928955 0.0234375
0 0.696093738079071 0.5 0.06406247615814209 0.04062497615814209
0 0.643750011920929 0.44140625 0.03125 0.0234375
0 0.1929687261581421 0.7671874761581421 0.1953125 0.09999996423721313