0 0.37968748807907104 0.8218749761581421 0.13750001788139343 0.09687501192092896
0 0.48515623807907104 0.754687488079071 0.08281251788139343 0.05624997615814209
0 0.2578125 0.610156238079071 0.13437499105930328 0.07968747615814209
0 0.43437498807907104 0.590624988079071 0.06874999403953552 0.046875
0 0.561718761920929 0.5968749523162842 0.07968747615814209 0.034375011920928955
0 0.69140625 0.58984375 0.04843747615814209 0.03281247615814209
0 0.569531261920929 0.5726562738418579 0.1171875 0.026562511920928955
0 0.42890626192092896 0.4937499761581421 0.0859375 0.04687497019767761
0 0.18906250596046448 0.4789062440395355 0.03437499701976776 0.0234375
0 0.30390626192092896 0.5 0.06406250596046448 0.04062497615814209
0 0.35624998807907104 0.44140625 0.03125 0.0234375
0 0.8070312738418579 0.7671874761581421 0.1953125 0.09999996423721313