0 0.35546875 0.5249999761581421 0.0703125 0.043749988079071045
0 0.12187500298023224 0.8179687261581421 0.15312498807907104 0.17656248807907104
0 0.20234376192092896 0.8882812261581421 0.08281250298023224 0.10468751192092896
0 0.32890623807907104 0.7281249761581421 0.09218749403953552 0.09062498807907104
0 0.4281249940395355 0.7445312738418579 0.09375 0.08281248807907104
0 0.565625011920929 0.764843761920929 0.078125 0.06406247615814209
0 0.4859375059604645 0.8765624761581421 0.09062498807907104 0.09999996423721313
0 0.3453125059604645 0.895312488079071 0.09687501192092896 0.109375
0 0.40156251192092896 0.9718749523162842 0.12812498211860657 0.050000011920928955
0 0.6343749761581421 0.948437511920929 0.12812501192092896 0.08437502384185791
0 0.4585937559604645 0.5703125 0.042187511920928955 0.04062497615814209
0 0.42109376192092896 0.54296875 0.03593751788139343 0.02031254768371582
0 0.52734375 0.51953125 0.1546875238418579 0.1328125
0 0.7718750238418579 0.70703125 0.32499998807907104 0.2328125238418579
0 0.93359375 0.907031238079071 0.12968754768371582 0.1796875