0 0.05703124776482582 0.4554687440395355 0.11093749850988388 0.0703125
0 0.3671875 0.43828123807907104 0.050000011920928955 0.04218748211860657
0 0.574999988079071 0.24687500298023224 0.08437502384185791 0.05937501788139343
0 0.66796875 0.3101562261581421 0.08906245231628418 0.03281250596046448
0 0.6265624761581421 0.36796873807907104 0.053124964237213135 0.029687494039535522
0 0.5281250476837158 0.3031249940395355 0.050000011920928955 0.034375011920928955
0 0.49531251192092896 0.5695312023162842 0.08750000596046448 0.06718748807907104
0 0.40625 0.6585937738418579 0.15937501192092896 0.11093753576278687
0 0.6226562261581421 0.530468761920929 0.045312464237213135 0.03281247615814209
0 0.6781250238418579 0.6617187261581421 0.19999998807907104 0.08906251192092896
0 0.69921875 0.8500000238418579 0.17656254768371582 0.1875
0 0.75 0.5406249761581421 0.12187504768371582 0.09999999403953552