0 0.48906248807907104 0.28984373807907104 0.08437502384185791 0.07968750596046448
0 0.41328126192092896 0.21328124403953552 0.04843747615814209 0.0546875
0 0.42265626788139343 0.4203125238418579 0.07343751192092896 0.09999999403953552
0 0.528124988079071 0.559374988079071 0.10000002384185791 0.05312502384185791
0 0.504687488079071 0.514843761920929 0.07187497615814209 0.02968752384185791
0 0.2632812261581421 0.6203124523162842 0.0546875 0.11250001192092896
0 0.22578126192092896 0.78125 0.0859375 0.1499999761581421
0 0.3023437559604645 0.41796875 0.045312464237213135 0.0703125
0 0.33515623211860657 0.2867187559604645 0.057812511920928955 0.07968749105930328
0 0.526562511920929 0.37890625 0.04062497615814209 0.02968752384185791
0 0.535937488079071 0.41328126192092896 0.04062497615814209 0.020312517881393433
0 0.5101562738418579 0.34453123807907104 0.029687464237213135 0.0234375
0 0.47578123211860657 0.16484375298023224 0.035937488079071045 0.0234375