0 0.6546875238418579 0.543749988079071 0.10624998807907104 0.09375
0 0.633593738079071 0.4429687559604645 0.07656252384185791 0.06718748807907104
0 0.5234375 0.4906249940395355 0.06875002384185791 0.053124964237213135
0 0.41796875 0.5132812261581421 0.0703125 0.05468747019767761
0 0.4117187559604645 0.38203126192092896 0.06718748807907104 0.06406250596046448
0 0.2835937440395355 0.38984376192092896 0.06406253576278687 0.07343748211860657
0 0.518750011920929 0.671875 0.15625 0.14374995231628418
0 0.484375 0.84375 0.10625004768371582 0.140625
0 0.09843748807907104 0.125 0.1625000238418579 0.09687500447034836
0 0.4921875 0.1953125 0.109375 0.05625000596046448
0 0.651562511920929 0.28515625 0.06875002384185791 0.042187511920928955
0 0.7312500476837158 0.21328124403953552 0.06562501192092896 0.0546875
0 0.785937488079071 0.2671874761581421 0.05624997615814209 0.05312499403953552
0 0.8671875 0.30156248807907104 0.09687495231628418 0.0625
0 0.766406238079071 0.38359373807907104 0.09531247615814209 0.07968750596046448
0 0.655468761920929 0.33125001192092896 0.0546875 0.04375001788139343
0 0.25078126788139343 0.24531251192092896 0.057812511920928955 0.04375000298023224