0 0.640625 0.811718761920929 0.2593749761581421 0.2046874761581421
0 0.65234375 0.49140626192092896 0.20781254768371582 0.08906248211860657
0 0.75390625 0.3890624940395355 0.1796875 0.050000011920928955
0 0.766406238079071 0.31328123807907104 0.12343752384185791 0.0390625
0 0.6898437738418579 0.2835937738418579 0.10781246423721313 0.03281250596046448
0 0.6429687738418579 0.25703126192092896 0.09531253576278687 0.026562482118606567
0 0.7109375 0.21640625596046448 0.06562495231628418 0.02656249701976776
0 0.43828123807907104 0.40937501192092896 0.12343749403953552 0.046875
0 0.44218748807907104 0.36640626192092896 0.08750000596046448 0.0390625
0 0.5367187261581421 0.3148437738418579 0.07343751192092896 0.029687494039535522
0 0.38671875 0.3265624940395355 0.08906251192092896 0.034375011920928955
0 0.3343749940395355 0.36796873807907104 0.0625 0.029687494039535522
0 0.07499999552965164 0.753125011920929 0.12187499552965164 0.10000002384185791