0 0.47187501192092896 0.922656238079071 0.21875 0.1171875
0 0.26484376192092896 0.8421875238418579 0.1328125149011612 0.09062498807907104
0 0.4234375059604645 0.776562511920929 0.21562498807907104 0.05624997615814209
0 0.5375000238418579 0.6976562738418579 0.11250001192092896 0.048437535762786865
0 0.3812500238418579 0.5882812738418579 0.08750000596046448 0.032812535762786865
0 0.06015624850988388 0.8265625238418579 0.12031249701976776 0.203125
0 0.2593750059604645 0.5023437738418579 0.08125001192092896 0.04843750596046448
0 0.48750001192092896 0.48124998807907104 0.07187500596046448 0.03749999403953552
0 0.7406250238418579 0.7593749761581421 0.0625 0.043749988079071045
0 0.7250000238418579 0.660937488079071 0.0625 0.03750002384185791
0 0.675000011920929 0.61328125 0.078125 0.04531252384185791
0 0.8875000476837158 0.9328124523162842 0.22187501192092896 0.12812501192092896