0 0.43671876192092896 0.80859375 0.2203124761581421 0.18281245231628418
0 0.4390625059604645 0.5 0.18125003576278687 0.09375
0 0.36015626788139343 0.40156251192092896 0.14531248807907104 0.0625
0 0.3492187261581421 0.3296874761581421 0.1015625 0.04062500596046448
0 0.4585937559604645 0.37187498807907104 0.12656253576278687 0.05625000596046448
0 0.6039062738418579 0.42500001192092896 0.09843748807907104 0.04375001788139343
0 0.6062500476837158 0.3851562440395355 0.08125001192092896 0.035937488079071045
0 0.5328124761581421 0.33203125 0.053124964237213135 0.0234375
0 0.4124999940395355 0.30000001192092896 0.07499998807907104 0.028125017881393433
0 0.4468749761581421 0.27734375 0.078125 0.026562511920928955
0 0.893750011920929 0.7546875476837158 0.10000002384185791 0.09062498807907104
0 0.39375001192092896 0.23828125 0.05312502384185791 0.0234375
0 0.6484375 0.34687501192092896 0.078125 0.03437498211860657