0 0.71875 0.6429687738418579 0.4125000238418579 0.26718753576278687
0 0.746874988079071 0.4164062440395355 0.078125 0.0390625
0 0.8656250238418579 0.8984375 0.12812501192092896 0.1968749761581421
0 0.36015623807907104 0.71484375 0.1421874761581421 0.1421874761581421
0 0.3070312738418579 0.8718750476837158 0.0859375 0.13749998807907104
0 0.18984374403953552 0.8250000476837158 0.12031251192092896 0.14375001192092896
0 0.17343750596046448 0.6632812023162842 0.16249996423721313 0.12031251192092896
0 0.12187498807907104 0.5546875 0.234375 0.14374998211860657
0 0.28828126192092896 0.45703125 0.0859375 0.07968747615814209
0 0.22968751192092896 0.3984375 0.1312500238418579 0.06875002384185791
0 0.4000000059604645 0.5406249761581421 0.14687496423721313 0.14687499403953552
0 0.5210937261581421 0.42109376192092896 0.0703125 0.0703125
0 0.051562488079071045 0.79296875 0.10000002384185791 0.1328125
0 0.507031261920929 0.731249988079071 0.06406247615814209 0.109375