0 0.42109373211860657 0.7171875238418579 0.22343748807907104 0.10624998807907104
0 0.6554687023162842 0.8460937738418579 0.12968748807907104 0.12031251192092896
0 0.574999988079071 0.6382812261581421 0.11562502384185791 0.06406253576278687
0 0.543749988079071 0.5687500238418579 0.09375 0.050000011920928955
0 0.43046873807907104 0.6078125238418579 0.09531250596046448 0.050000011920928955
0 0.41718751192092896 0.507031261920929 0.08437499403953552 0.03281250596046448
0 0.6156250238418579 0.47968751192092896 0.16249996423721313 0.04062500596046448
0 0.7234375476837158 0.516406238079071 0.09687501192092896 0.0390625
0 0.526562511920929 0.43359375 0.08750000596046448 0.026562511920928955
0 0.07734374701976776 0.657031238079071 0.15468749403953552 0.0859375
0 0.12968750298023224 0.5812499523162842 0.10000000149011612 0.043749988079071045
0 0.17812499403953552 0.5390625 0.11249999701976776 0.04999995231628418
0 0.24374999105930328 0.46796876192092896 0.06874999403953552 0.0234375
0 0.3101562559604645 0.4351562559604645 0.0703125 0.0234375
0 0.26640623807907104 0.39453125 0.10781249403953552 0.02968752384185791
0 0.3960937559604645 0.3499999940395355 0.1015625 0.028124988079071045
0 0.35468751192092896 0.3734374940395355 0.06562498211860657 0.018750011920928955
0 0.51171875 0.38671875 0.05781248211860657 0.020312488079071045