0 0.79296875 0.47968751192092896 0.06093752384185791 0.05312502384185791
0 0.6195312738418579 0.3539062440395355 0.2515625059604645 0.07343751192092896
0 0.12343750149011612 0.628125011920929 0.23749999701976776 0.2906250059604645
0 0.05000000074505806 0.891406238079071 0.10000000149011612 0.2109375
0 0.559374988079071 0.842968761920929 0.37187501788139343 0.2671874761581421
0 0.7578125 0.6898437738418579 0.078125 0.07343751192092896
0 0.524218738079071 0.5367187261581421 0.12968751788139343 0.07968753576278687
0 0.38593751192092896 0.6234375238418579 0.05937501788139343 0.040625035762786865
0 0.33671873807907104 0.41484373807907104 0.06093749403953552 0.04218748211860657
0 0.702343761920929 0.4468750059604645 0.11093747615814209 0.06562501192092896
0 0.71875 0.5234375 0.046875 0.03437495231628418
0 0.8359375 0.6117187738418579 0.05624997615814209 0.057812511920928955
0 0.797656238079071 0.7765624523162842 0.06093752384185791 0.059374988079071045
0 0.38203126192092896 0.3187499940395355 0.17031249403953552 0.043749988079071045