0 0.657031238079071 0.46015626192092896 0.0859375 0.0390625
0 0.6664062738418579 0.41874998807907104 0.060937464237213135 0.028125017881393433
0 0.6804687976837158 0.62109375 0.06718748807907104 0.03281247615814209
0 0.7171875238418579 0.7210937738418579 0.09375 0.042187511920928955
0 0.5632812976837158 0.7984374761581421 0.21406251192092896 0.13749998807907104
0 0.1328125 0.6593749523162842 0.05312502384185791 0.050000011920928955
0 0.35468751192092896 0.69140625 0.05624997615814209 0.05156254768371582
0 0.47187498211860657 0.41874998807907104 0.050000011920928955 0.021874994039535522
0 0.23281249403953552 0.3843749761581421 0.14687496423721313 0.03749999403953552
0 0.08828124403953552 0.43437498807907104 0.042187511920928955 0.025000005960464478
0 0.13828125596046448 0.4609375 0.042187511920928955 0.02187502384185791
0 0.04140624403953552 0.5406249761581421 0.07656246423721313 0.025000035762786865
0 0.05625000596046448 0.51171875 0.059374988079071045 0.01718747615814209
0 0.32499998807907104 0.5765625238418579 0.0625 0.028124988079071045
0 0.27031248807907104 0.620312511920929 0.04062497615814209 0.02499997615814209
0 0.3882812261581421 0.938281238079071 0.1171875 0.1171875